1.000000000000000000e+01 7.081500000000184869e-04
1.100000000000000000e+01 5.592749999999702126e-04
1.200000000000000000e+01 5.967000000000055593e-04
1.300000000000000000e+01 6.914999999998450164e-04
1.400000000000000000e+01 7.093000000000238003e-04
1.500000000000000000e+01 7.279999999998398863e-04
1.600000000000000000e+01 7.384999999999752873e-04
1.700000000000000000e+01 8.164999999999977831e-04
1.800000000000000000e+01 9.135000000000115250e-04
1.900000000000000000e+01 9.440000000000559055e-04
2.000000000000000000e+01 1.011199999999989885e-03
2.100000000000000000e+01 1.213899999999989987e-03
2.200000000000000000e+01 1.301899999999855950e-03
2.300000000000000000e+01 1.234400000000190900e-03
2.400000000000000000e+01 1.227899999999948477e-03
2.500000000000000000e+01 1.425900000000090984e-03
2.600000000000000000e+01 1.393399999999989092e-03
2.700000000000000000e+01 1.479100000000066473e-03
2.800000000000000000e+01 1.539999999999874802e-03
2.900000000000000000e+01 1.468599999999931072e-03
3.000000000000000000e+01 1.595800000000036079e-03
3.100000000000000000e+01 1.618499999999967187e-03
3.200000000000000000e+01 1.565999999999956316e-03
3.300000000000000000e+01 1.640300000000038949e-03
3.400000000000000000e+01 1.713999999999993307e-03
3.500000000000000000e+01 1.750699999999882905e-03
3.600000000000000000e+01 1.859799999999856013e-03
3.700000000000000000e+01 2.053700000000047154e-03
3.800000000000000000e+01 1.968399999999981276e-03
3.900000000000000000e+01 2.141900000000029891e-03
4.000000000000000000e+01 2.043400000000028527e-03
4.100000000000000000e+01 2.155600000000035266e-03
4.200000000000000000e+01 2.210400000000056764e-03
4.300000000000000000e+01 2.183899999999905361e-03
4.400000000000000000e+01 2.256799999999836714e-03
4.500000000000000000e+01 2.315199999999961733e-03
4.600000000000000000e+01 2.438400000000173762e-03
4.700000000000000000e+01 2.366800000000113258e-03
4.800000000000000000e+01 3.808999999999951314e-03
4.900000000000000000e+01 3.292500000000142535e-03
5.000000000000000000e+01 2.573700000000123111e-03
5.100000000000000000e+01 2.508699999999919328e-03
5.200000000000000000e+01 2.689799999999964442e-03
5.300000000000000000e+01 2.695100000000172358e-03
5.400000000000000000e+01 2.825900000000158840e-03
5.500000000000000000e+01 2.919699999999858520e-03
5.600000000000000000e+01 3.015400000000001413e-03
5.700000000000000000e+01 3.118900000000035533e-03
5.800000000000000000e+01 3.062600000000026412e-03
5.900000000000000000e+01 3.100499999999950518e-03
6.000000000000000000e+01 3.260600000000168919e-03
6.100000000000000000e+01 3.294899999999989504e-03
6.200000000000000000e+01 3.130700000000041783e-03
6.300000000000000000e+01 3.473199999999954102e-03
6.400000000000000000e+01 3.384899999999912978e-03
6.500000000000000000e+01 3.221300000000093533e-03
6.600000000000000000e+01 3.347400000000000375e-03
6.700000000000000000e+01 3.449299999999988486e-03
6.800000000000000000e+01 4.765399999999919700e-03
6.900000000000000000e+01 3.459799999999901843e-03
7.000000000000000000e+01 4.569899999999904594e-03
7.100000000000000000e+01 3.619799999999839812e-03
7.200000000000000000e+01 3.684599999999926823e-03
7.300000000000000000e+01 4.114000000000173074e-03
7.400000000000000000e+01 3.686599999999984334e-03
7.500000000000000000e+01 3.928900000000012938e-03
7.600000000000000000e+01 3.887899999999833156e-03
7.700000000000000000e+01 4.237599999999952516e-03
7.800000000000000000e+01 4.253599999999968517e-03
7.900000000000000000e+01 4.075199999999945533e-03
8.000000000000000000e+01 4.103199999999862513e-03
8.100000000000000000e+01 4.085000000000116316e-03
8.200000000000000000e+01 4.174500000000191946e-03
8.300000000000000000e+01 4.422900000000007381e-03
8.400000000000000000e+01 4.283000000000036778e-03
8.500000000000000000e+01 4.785599999999945453e-03
8.600000000000000000e+01 4.558599999999746188e-03
8.700000000000000000e+01 4.469900000000137652e-03
8.800000000000000000e+01 4.561400000000048749e-03
8.900000000000000000e+01 4.482599999999781204e-03
9.000000000000000000e+01 4.579399999999900217e-03
9.100000000000000000e+01 4.596499999999892339e-03
9.200000000000000000e+01 5.770399999999842322e-03
9.300000000000000000e+01 5.197300000000293352e-03
9.400000000000000000e+01 4.796300000000197628e-03
9.500000000000000000e+01 5.123499999999836518e-03
9.600000000000000000e+01 4.850100000000079348e-03
9.700000000000000000e+01 5.159599999999819886e-03
9.800000000000000000e+01 4.999500000000267619e-03
9.900000000000000000e+01 4.927900000000207115e-03
1.000000000000000000e+02 5.234500000000252840e-03
1.010000000000000000e+02 7.413799999999914903e-03
1.020000000000000000e+02 5.731700000000117257e-03
1.030000000000000000e+02 5.630999999999941608e-03
1.040000000000000000e+02 8.626999999999940272e-03
1.050000000000000000e+02 5.709599999999870334e-03
1.060000000000000000e+02 7.894999999999985363e-03
1.070000000000000000e+02 7.094199999999828421e-03
1.080000000000000000e+02 6.111800000000000566e-03
1.090000000000000000e+02 9.197100000000180131e-03
1.100000000000000000e+02 6.918299999999932837e-03
1.110000000000000000e+02 8.792099999999969384e-03
1.120000000000000000e+02 5.969799999999914064e-03
1.130000000000000000e+02 6.426399999999832247e-03
1.140000000000000000e+02 6.222900000000031184e-03
1.150000000000000000e+02 6.674700000000033384e-03
1.160000000000000000e+02 6.695600000000023755e-03
1.170000000000000000e+02 6.386400000000014288e-03
1.180000000000000000e+02 8.108600000000132368e-03
1.190000000000000000e+02 6.515499999999896374e-03
1.200000000000000000e+02 8.968199999999981742e-03
1.210000000000000000e+02 6.312600000000001543e-03
1.220000000000000000e+02 6.535999999999875243e-03
1.230000000000000000e+02 7.374800000000014677e-03
1.240000000000000000e+02 7.103599999999987702e-03
1.250000000000000000e+02 7.791299999999834469e-03
1.260000000000000000e+02 8.845299999999944873e-03
1.270000000000000000e+02 7.403500000000118320e-03
1.280000000000000000e+02 6.878799999999962722e-03
1.290000000000000000e+02 6.934800000000018727e-03
1.300000000000000000e+02 6.918900000000061112e-03
1.310000000000000000e+02 7.991099999999917713e-03
1.320000000000000000e+02 6.512599999999979516e-03
1.330000000000000000e+02 8.107499999999934204e-03
1.340000000000000000e+02 1.107379999999991149e-02
1.350000000000000000e+02 6.888800000000028234e-03
1.360000000000000000e+02 7.237500000000007816e-03
1.370000000000000000e+02 1.127300000000008851e-02
1.380000000000000000e+02 7.740400000000313696e-03
1.390000000000000000e+02 7.548200000000004906e-03
1.400000000000000000e+02 7.135499999999961318e-03
1.410000000000000000e+02 9.205099999999966087e-03
1.420000000000000000e+02 7.852100000000028501e-03
1.430000000000000000e+02 7.899500000000170274e-03
1.440000000000000000e+02 7.886000000000059629e-03
1.450000000000000000e+02 1.079859999999976949e-02
1.460000000000000000e+02 9.694699999999834006e-03
1.470000000000000000e+02 8.323299999999811405e-03
1.480000000000000000e+02 9.398700000000204113e-03
1.490000000000000000e+02 1.173050000000008808e-02
1.500000000000000000e+02 8.731199999999716965e-03
1.510000000000000000e+02 8.180499999999923944e-03
1.520000000000000000e+02 8.226399999999856050e-03
1.530000000000000000e+02 8.153000000000076852e-03
1.540000000000000000e+02 8.215299999999814418e-03
1.550000000000000000e+02 1.253119999999974254e-02
1.560000000000000000e+02 1.125479999999967617e-02
1.570000000000000000e+02 8.186100000000084975e-03
1.580000000000000000e+02 8.173500000000277765e-03
1.590000000000000000e+02 9.668500000000079808e-03
1.600000000000000000e+02 9.575799999999912160e-03
1.610000000000000000e+02 8.655400000000312843e-03
1.620000000000000000e+02 1.002469999999977546e-02
1.630000000000000000e+02 1.090239999999997877e-02
1.640000000000000000e+02 1.083830000000007843e-02
1.650000000000000000e+02 9.500000000000063949e-03
1.660000000000000000e+02 1.089519999999977173e-02
1.670000000000000000e+02 1.026669999999985095e-02
1.680000000000000000e+02 8.834799999999809472e-03
1.690000000000000000e+02 1.377859999999975216e-02
1.700000000000000000e+02 1.076230000000011344e-02
1.710000000000000000e+02 1.014679999999978932e-02
1.720000000000000000e+02 9.117499999999889582e-03
1.730000000000000000e+02 8.936700000000019628e-03
1.740000000000000000e+02 1.026389999999999247e-02
1.750000000000000000e+02 1.172940000000011196e-02
1.760000000000000000e+02 1.038329999999998421e-02
1.770000000000000000e+02 9.948100000000348331e-03
1.780000000000000000e+02 9.996900000000419340e-03
1.790000000000000000e+02 9.226200000000073231e-03
1.800000000000000000e+02 1.471679999999997435e-02
1.810000000000000000e+02 1.373709999999972453e-02
1.820000000000000000e+02 9.353700000000131354e-03
1.830000000000000000e+02 1.458020000000015415e-02
1.840000000000000000e+02 9.562599999999754630e-03
1.850000000000000000e+02 1.095340000000000202e-02
1.860000000000000000e+02 1.023869999999993397e-02
1.870000000000000000e+02 1.168110000000011084e-02
1.880000000000000000e+02 1.152230000000020738e-02
1.890000000000000000e+02 9.760399999999780363e-03
1.900000000000000000e+02 1.047020000000031814e-02
1.910000000000000000e+02 1.075500000000007006e-02
1.920000000000000000e+02 1.058210000000014972e-02
1.930000000000000000e+02 1.143179999999999197e-02
1.940000000000000000e+02 1.622269999999970125e-02
1.950000000000000000e+02 1.355740000000027479e-02
1.960000000000000000e+02 9.969900000000198048e-03
1.970000000000000000e+02 1.291869999999972762e-02
1.980000000000000000e+02 1.068079999999982377e-02
1.990000000000000000e+02 1.142489999999973804e-02
2.000000000000000000e+02 1.151170000000023563e-02
2.010000000000000000e+02 1.055300000000025662e-02
2.020000000000000000e+02 1.059509999999974639e-02
2.030000000000000000e+02 1.099650000000007566e-02
2.040000000000000000e+02 1.035470000000016100e-02
2.050000000000000000e+02 1.060600000000011534e-02
2.060000000000000000e+02 1.076999999999994628e-02
2.070000000000000000e+02 1.068209999999991666e-02
2.080000000000000000e+02 1.128380000000017702e-02
2.090000000000000000e+02 1.157880000000011123e-02
2.100000000000000000e+02 1.057880000000022136e-02
2.110000000000000000e+02 1.087139999999964246e-02
2.120000000000000000e+02 1.170599999999977214e-02
2.130000000000000000e+02 1.139089999999987057e-02
2.140000000000000000e+02 1.138159999999999172e-02
2.150000000000000000e+02 1.176259999999995642e-02
2.160000000000000000e+02 1.123679999999982471e-02
2.170000000000000000e+02 1.147659999999994795e-02
2.180000000000000000e+02 1.681169999999987397e-02
2.190000000000000000e+02 1.138940000000010500e-02
2.200000000000000000e+02 1.248770000000032354e-02
2.210000000000000000e+02 1.198770000000015656e-02
2.220000000000000000e+02 1.240679999999994010e-02
2.230000000000000000e+02 1.223149999999995075e-02
2.240000000000000000e+02 1.511379999999995505e-02
2.250000000000000000e+02 1.270090000000001496e-02
2.260000000000000000e+02 1.301730000000000942e-02
2.270000000000000000e+02 1.266289999999958837e-02
2.280000000000000000e+02 1.241340000000024091e-02
2.290000000000000000e+02 1.263829999999988019e-02
2.300000000000000000e+02 1.552500000000023306e-02
2.310000000000000000e+02 1.233150000000016178e-02
2.320000000000000000e+02 1.297760000000014458e-02
2.330000000000000000e+02 1.317749999999984212e-02
2.340000000000000000e+02 1.558049999999999713e-02
2.350000000000000000e+02 1.470349999999998047e-02
2.360000000000000000e+02 1.274990000000020274e-02
2.370000000000000000e+02 1.600579999999940384e-02
2.380000000000000000e+02 1.420919999999981087e-02
2.390000000000000000e+02 2.549620000000007991e-02
2.400000000000000000e+02 2.253989999999994609e-02
2.410000000000000000e+02 1.912649999999960215e-02
2.420000000000000000e+02 1.561140000000005301e-02
2.430000000000000000e+02 1.491620000000004609e-02
2.440000000000000000e+02 1.656219999999919423e-02
2.450000000000000000e+02 1.498889999999963862e-02
2.460000000000000000e+02 1.562179999999990798e-02
2.470000000000000000e+02 1.274229999999931806e-02
2.480000000000000000e+02 1.361040000000013350e-02
2.490000000000000000e+02 1.420720000000041949e-02
2.500000000000000000e+02 1.338140000000009877e-02
2.510000000000000000e+02 1.331760000000059563e-02
2.520000000000000000e+02 1.347399999999954190e-02
2.530000000000000000e+02 1.350389999999990209e-02
2.540000000000000000e+02 1.317889999999977135e-02
2.550000000000000000e+02 1.551209999999958455e-02
2.560000000000000000e+02 1.281879999999979702e-02
2.570000000000000000e+02 1.304399999999983351e-02
2.580000000000000000e+02 1.323689999999988487e-02
2.590000000000000000e+02 1.333990000000007115e-02
2.600000000000000000e+02 1.375719999999969190e-02
2.610000000000000000e+02 1.723119999999944696e-02
2.620000000000000000e+02 1.531000000000037886e-02
2.630000000000000000e+02 1.344440000000002300e-02
2.640000000000000000e+02 1.542880000000046437e-02
2.650000000000000000e+02 1.415379999999988314e-02
2.660000000000000000e+02 1.324849999999955230e-02
2.670000000000000000e+02 1.515149999999998442e-02
2.680000000000000000e+02 1.354960000000016151e-02
2.690000000000000000e+02 1.376719999999931332e-02
2.700000000000000000e+02 1.910940000000049821e-02
2.710000000000000000e+02 1.365570000000015938e-02
2.720000000000000000e+02 1.466560000000072250e-02
2.730000000000000000e+02 1.442670000000045860e-02
2.740000000000000000e+02 1.465490000000002624e-02
2.750000000000000000e+02 1.408339999999963510e-02
2.760000000000000000e+02 1.510069999999963386e-02
2.770000000000000000e+02 1.415830000000006805e-02
2.780000000000000000e+02 1.451540000000051123e-02
2.790000000000000000e+02 1.622300000000009845e-02
2.800000000000000000e+02 1.439810000000019130e-02
2.810000000000000000e+02 1.678140000000016840e-02
2.820000000000000000e+02 1.494600000000012585e-02
2.830000000000000000e+02 1.459730000000014627e-02
2.840000000000000000e+02 1.453970000000026630e-02
2.850000000000000000e+02 1.513699999999928991e-02
2.860000000000000000e+02 1.476950000000076813e-02
2.870000000000000000e+02 1.507609999999992567e-02
2.880000000000000000e+02 1.483670000000003597e-02
2.890000000000000000e+02 1.495729999999984017e-02
2.900000000000000000e+02 1.482739999999971303e-02
2.910000000000000000e+02 1.544599999999984874e-02
2.920000000000000000e+02 1.499489999999958911e-02
2.930000000000000000e+02 1.502129999999990417e-02
2.940000000000000000e+02 1.536709999999974485e-02
2.950000000000000000e+02 2.095649999999960045e-02
2.960000000000000000e+02 1.580430000000010438e-02
2.970000000000000000e+02 1.954300000000053217e-02
2.980000000000000000e+02 1.549159999999982773e-02
2.990000000000000000e+02 2.215569999999988937e-02
3.000000000000000000e+02 1.552020000000009503e-02
3.010000000000000000e+02 1.624800000000004019e-02
3.020000000000000000e+02 1.534269999999970935e-02
3.030000000000000000e+02 1.572909999999971831e-02
3.040000000000000000e+02 1.565090000000068926e-02
3.050000000000000000e+02 1.652970000000042461e-02
3.060000000000000000e+02 1.571389999999972531e-02
3.070000000000000000e+02 1.578889999999955052e-02
3.080000000000000000e+02 1.680300000000034544e-02
3.090000000000000000e+02 1.624309999999962173e-02
3.100000000000000000e+02 1.630079999999978213e-02
3.110000000000000000e+02 1.645260000000003942e-02
3.120000000000000000e+02 1.673409999999986297e-02
3.130000000000000000e+02 1.680130000000001900e-02
3.140000000000000000e+02 1.603189999999976578e-02
3.150000000000000000e+02 1.828210000000041191e-02
3.160000000000000000e+02 1.668599999999997863e-02
3.170000000000000000e+02 1.756059999999948218e-02
3.180000000000000000e+02 1.652160000000080231e-02
3.190000000000000000e+02 1.676949999999965968e-02
3.200000000000000000e+02 1.743779999999972574e-02
3.210000000000000000e+02 1.874450000000038585e-02
3.220000000000000000e+02 1.871759999999955681e-02
3.230000000000000000e+02 1.762469999999982662e-02
3.240000000000000000e+02 1.678889999999988447e-02
3.250000000000000000e+02 1.744089999999953733e-02
3.260000000000000000e+02 1.687200000000022015e-02
3.270000000000000000e+02 1.688400000000012113e-02
3.280000000000000000e+02 2.524280000000000967e-02
3.290000000000000000e+02 1.738060000000007932e-02
3.300000000000000000e+02 1.739710000000016521e-02
3.310000000000000000e+02 1.755120000000065517e-02
3.320000000000000000e+02 1.764279999999995852e-02
3.330000000000000000e+02 1.710540000000015937e-02
3.340000000000000000e+02 1.764440000000000452e-02
3.350000000000000000e+02 1.763080000000005754e-02
3.360000000000000000e+02 2.057610000000043016e-02
3.370000000000000000e+02 1.813449999999949824e-02
3.380000000000000000e+02 2.100430000000041986e-02
3.390000000000000000e+02 1.806060000000009325e-02
3.400000000000000000e+02 1.814679999999935234e-02
3.410000000000000000e+02 1.844679999999954134e-02
3.420000000000000000e+02 1.883180000000006515e-02
3.430000000000000000e+02 1.816789999999990357e-02
3.440000000000000000e+02 1.779290000000077754e-02
3.450000000000000000e+02 1.814219999999977517e-02
3.460000000000000000e+02 2.209289999999963783e-02
3.470000000000000000e+02 1.900969999999979620e-02
3.480000000000000000e+02 1.886559999999981585e-02
3.490000000000000000e+02 1.884459999999954505e-02
3.500000000000000000e+02 1.873909999999945342e-02
3.510000000000000000e+02 1.819240000000021951e-02
3.520000000000000000e+02 1.816689999999976379e-02
3.530000000000000000e+02 1.799049999999979832e-02
3.540000000000000000e+02 1.882059999999974309e-02
3.550000000000000000e+02 1.811559999999978743e-02
3.560000000000000000e+02 1.816860000000009023e-02
3.570000000000000000e+02 1.911579999999979407e-02
3.580000000000000000e+02 2.021810000000012764e-02
3.590000000000000000e+02 1.913540000000057972e-02
3.600000000000000000e+02 1.982909999999993289e-02
3.610000000000000000e+02 1.846429999999976701e-02
3.620000000000000000e+02 1.884580000000024569e-02
3.630000000000000000e+02 1.908859999999990009e-02
3.640000000000000000e+02 1.879669999999933339e-02
3.650000000000000000e+02 1.857690000000022934e-02
3.660000000000000000e+02 1.976539999999982200e-02
3.670000000000000000e+02 1.914700000000024716e-02
3.680000000000000000e+02 1.979770000000069530e-02
3.690000000000000000e+02 1.894799999999996487e-02
3.700000000000000000e+02 1.962720000000039988e-02
3.710000000000000000e+02 1.921509999999937435e-02
3.720000000000000000e+02 1.886389999999948941e-02
3.730000000000000000e+02 1.969629999999966685e-02
3.740000000000000000e+02 2.222470000000065227e-02
3.750000000000000000e+02 2.157219999999959725e-02
3.760000000000000000e+02 1.926819999999995758e-02
3.770000000000000000e+02 1.955249999999963961e-02
3.780000000000000000e+02 2.040479999999966765e-02
3.790000000000000000e+02 2.368170000000002773e-02
3.800000000000000000e+02 1.932509999999965089e-02
3.810000000000000000e+02 1.924610000000015475e-02
3.820000000000000000e+02 2.517679999999966611e-02
3.830000000000000000e+02 1.954920000000015534e-02
3.840000000000000000e+02 1.994429999999969283e-02
3.850000000000000000e+02 1.951519999999984378e-02
3.860000000000000000e+02 2.068829999999977076e-02
3.870000000000000000e+02 2.073369999999918889e-02
3.880000000000000000e+02 2.243510000000092930e-02
3.890000000000000000e+02 2.135179999999969880e-02
3.900000000000000000e+02 2.030729999999891788e-02
3.910000000000000000e+02 2.016979999999968243e-02
3.920000000000000000e+02 2.285649999999961324e-02
3.930000000000000000e+02 2.041499999999984993e-02
3.940000000000000000e+02 2.275640000000045404e-02
3.950000000000000000e+02 2.040910000000017988e-02
3.960000000000000000e+02 2.090109999999967272e-02
3.970000000000000000e+02 2.158000000000015461e-02
3.980000000000000000e+02 2.143190000000139150e-02
3.990000000000000000e+02 2.081120000000069581e-02
4.000000000000000000e+02 2.063550000000091700e-02
4.010000000000000000e+02 2.117939999999940426e-02
4.020000000000000000e+02 2.126889999999903580e-02
4.030000000000000000e+02 2.269620000000038829e-02
4.040000000000000000e+02 2.092520000000064329e-02
4.050000000000000000e+02 2.180539999999986378e-02
4.060000000000000000e+02 2.174310000000012622e-02
4.070000000000000000e+02 2.087210000000006005e-02
4.080000000000000000e+02 2.176069999999974414e-02
4.090000000000000000e+02 2.192170000000004393e-02
4.100000000000000000e+02 2.507999999999910301e-02
4.110000000000000000e+02 2.187689999999875567e-02
4.120000000000000000e+02 2.117770000000085417e-02
4.130000000000000000e+02 2.684970000000141965e-02
4.140000000000000000e+02 2.178690000000038651e-02
4.150000000000000000e+02 2.206919999999890081e-02
4.160000000000000000e+02 2.216459999999997876e-02
4.170000000000000000e+02 2.270520000000075811e-02
4.180000000000000000e+02 2.306089999999905160e-02
4.190000000000000000e+02 2.382119999999865456e-02
4.200000000000000000e+02 2.311740000000028772e-02
4.210000000000000000e+02 2.730719999999919878e-02
4.220000000000000000e+02 2.171590000000023224e-02
4.230000000000000000e+02 2.607070000000000221e-02
4.240000000000000000e+02 2.850950000000018747e-02
4.250000000000000000e+02 2.416140000000055466e-02
4.260000000000000000e+02 2.347029999999961092e-02
4.270000000000000000e+02 2.261380000000023927e-02
4.280000000000000000e+02 2.336410000000022080e-02
4.290000000000000000e+02 2.456950000000013290e-02
4.300000000000000000e+02 2.523809999999926390e-02
4.310000000000000000e+02 2.384199999999836450e-02
4.320000000000000000e+02 2.287980000000011671e-02
4.330000000000000000e+02 2.280230000000038615e-02
4.340000000000000000e+02 2.341509999999935587e-02
4.350000000000000000e+02 2.406339999999929091e-02
4.360000000000000000e+02 2.892049999999990462e-02
4.370000000000000000e+02 2.281180000000126995e-02
4.380000000000000000e+02 3.398680000000098289e-02
4.390000000000000000e+02 2.429439999999871702e-02
4.400000000000000000e+02 2.523200000000080934e-02
4.410000000000000000e+02 2.379619999999960100e-02
4.420000000000000000e+02 2.490360000000002572e-02
4.430000000000000000e+02 2.374700000000018463e-02
4.440000000000000000e+02 2.580159999999942499e-02
4.450000000000000000e+02 2.383320000000033190e-02
4.460000000000000000e+02 2.605740000000089651e-02
4.470000000000000000e+02 2.386309999999980391e-02
4.480000000000000000e+02 2.365200000000022840e-02
4.490000000000000000e+02 2.425619999999995002e-02
4.500000000000000000e+02 2.492020000000039204e-02
4.510000000000000000e+02 2.458610000000049922e-02
4.520000000000000000e+02 2.496569999999920242e-02
4.530000000000000000e+02 2.416119999999999379e-02
4.540000000000000000e+02 2.459039999999923509e-02
4.550000000000000000e+02 2.916999999999880799e-02
4.560000000000000000e+02 2.407569999999914501e-02
4.570000000000000000e+02 2.990710000000085245e-02
4.580000000000000000e+02 2.447189999999999088e-02
4.590000000000000000e+02 2.372369999999968115e-02
4.600000000000000000e+02 2.464800000000089142e-02
4.610000000000000000e+02 2.562779999999875713e-02
4.620000000000000000e+02 2.571799999999946351e-02
4.630000000000000000e+02 2.496899999999868669e-02
4.640000000000000000e+02 2.533399999999907948e-02
4.650000000000000000e+02 2.421499999999987551e-02
4.660000000000000000e+02 2.525560000000126593e-02
4.670000000000000000e+02 2.584760000000052571e-02
4.680000000000000000e+02 2.545070000000038135e-02
4.690000000000000000e+02 2.514679999999991367e-02
4.700000000000000000e+02 2.706300000000005923e-02
4.710000000000000000e+02 2.682329999999844006e-02
4.720000000000000000e+02 2.477789999999835402e-02
4.730000000000000000e+02 2.503710000000047842e-02
4.740000000000000000e+02 2.507380000000125619e-02
4.750000000000000000e+02 2.535860000000056402e-02
4.760000000000000000e+02 2.605710000000094340e-02
4.770000000000000000e+02 2.490279999999955862e-02
4.780000000000000000e+02 2.523090000000038913e-02
4.790000000000000000e+02 2.516909999999938918e-02
4.800000000000000000e+02 2.637269999999958259e-02
4.810000000000000000e+02 2.506739999999929580e-02
4.820000000000000000e+02 2.535199999999981912e-02
4.830000000000000000e+02 3.201449999999894658e-02
4.840000000000000000e+02 2.697289999999874510e-02
4.850000000000000000e+02 2.513139999999935981e-02
4.860000000000000000e+02 2.473769999999930747e-02
4.870000000000000000e+02 2.601510000000040179e-02
4.880000000000000000e+02 2.506430000000037239e-02
4.890000000000000000e+02 2.545130000000028758e-02
4.900000000000000000e+02 2.638920000000055666e-02
4.910000000000000000e+02 3.225650000000079842e-02
4.920000000000000000e+02 2.529940000000152622e-02
4.930000000000000000e+02 2.545139999999967984e-02
4.940000000000000000e+02 2.502579999999987592e-02
4.950000000000000000e+02 3.462479999999956704e-02
4.960000000000000000e+02 2.510939999999983741e-02
4.970000000000000000e+02 2.682689999999965380e-02
4.980000000000000000e+02 2.698730000000004736e-02
4.990000000000000000e+02 2.814000000000049795e-02
5.000000000000000000e+02 2.605710000000094340e-02
5.010000000000000000e+02 2.629269999999905849e-02
5.020000000000000000e+02 2.592950000000016075e-02
5.030000000000000000e+02 2.575269999999996173e-02
5.040000000000000000e+02 2.570409999999867523e-02
5.050000000000000000e+02 2.566520000000060975e-02
5.060000000000000000e+02 2.584539999999968529e-02
5.070000000000000000e+02 2.638860000000065043e-02
5.080000000000000000e+02 2.647390000000093835e-02
5.090000000000000000e+02 2.597839999999962401e-02
5.100000000000000000e+02 3.042259999999963327e-02
5.110000000000000000e+02 2.669760000000032107e-02
5.120000000000000000e+02 2.752650000000045338e-02
5.130000000000000000e+02 2.656629999999893244e-02
5.140000000000000000e+02 2.683419999999969718e-02
5.150000000000000000e+02 2.635990000000099087e-02
5.160000000000000000e+02 2.602899999999941372e-02
5.170000000000000000e+02 2.629899999999985027e-02
5.180000000000000000e+02 3.230759999999932575e-02
5.190000000000000000e+02 2.748309999999953845e-02
5.200000000000000000e+02 2.742029999999928691e-02
5.210000000000000000e+02 3.227719999999933975e-02
5.220000000000000000e+02 2.676020000000001176e-02
5.230000000000000000e+02 2.737869999999986703e-02
5.240000000000000000e+02 2.828490000000094540e-02
5.250000000000000000e+02 2.824910000000002697e-02
5.260000000000000000e+02 2.871900000000060516e-02
5.270000000000000000e+02 2.986139999999970485e-02
5.280000000000000000e+02 2.648299999999892407e-02
5.290000000000000000e+02 2.695569999999847255e-02
5.300000000000000000e+02 2.730829999999961899e-02
5.310000000000000000e+02 2.771369999999961919e-02
5.320000000000000000e+02 2.699619999999924858e-02
5.330000000000000000e+02 2.683960000000062962e-02
5.340000000000000000e+02 3.329330000000041423e-02
5.350000000000000000e+02 3.237720000000088305e-02
5.360000000000000000e+02 2.850059999999920990e-02
5.370000000000000000e+02 2.732199999999984641e-02
5.380000000000000000e+02 2.751280000000022596e-02
5.390000000000000000e+02 2.895190000000091857e-02
5.400000000000000000e+02 2.967849999999927491e-02
5.410000000000000000e+02 2.778710000000117475e-02
5.420000000000000000e+02 2.730750000000092825e-02
5.430000000000000000e+02 2.782690000000087593e-02
5.440000000000000000e+02 3.033300000000060948e-02
5.450000000000000000e+02 2.881209999999967408e-02
5.460000000000000000e+02 2.877819999999964296e-02
5.470000000000000000e+02 2.835520000000002483e-02
5.480000000000000000e+02 3.234589999999926135e-02
5.490000000000000000e+02 2.819959999999888112e-02
5.500000000000000000e+02 2.782149999999994350e-02
5.510000000000000000e+02 2.795500000000039620e-02
5.520000000000000000e+02 2.869600000000005480e-02
5.530000000000000000e+02 3.146609999999938623e-02
5.540000000000000000e+02 2.955629999999942470e-02
5.550000000000000000e+02 2.834140000000040516e-02
5.560000000000000000e+02 2.870419999999995753e-02
5.570000000000000000e+02 2.913380000000032055e-02
5.580000000000000000e+02 2.924259999999989645e-02
5.590000000000000000e+02 3.270129999999937809e-02
5.600000000000000000e+02 2.858900000000019759e-02
5.610000000000000000e+02 3.173020000000015273e-02
5.620000000000000000e+02 3.138060000000031380e-02
5.630000000000000000e+02 3.674750000000059913e-02
5.640000000000000000e+02 2.936300000000002797e-02
5.650000000000000000e+02 3.354820000000025004e-02
5.660000000000000000e+02 2.976370000000017058e-02
5.670000000000000000e+02 2.960289999999865529e-02
5.680000000000000000e+02 3.355149999999973431e-02
5.690000000000000000e+02 3.062839999999944496e-02
5.700000000000000000e+02 2.900530000000145492e-02
5.710000000000000000e+02 2.922509999999967079e-02
5.720000000000000000e+02 3.018160000000058574e-02
5.730000000000000000e+02 2.973219999999976437e-02
5.740000000000000000e+02 2.945290000000078123e-02
5.750000000000000000e+02 3.267010000000070136e-02
5.760000000000000000e+02 3.516729999999945733e-02
5.770000000000000000e+02 3.137809999999952026e-02
5.780000000000000000e+02 3.185000000000037801e-02
5.790000000000000000e+02 3.313480000000090797e-02
5.800000000000000000e+02 3.016339999999928523e-02
5.810000000000000000e+02 3.094839999999976499e-02
5.820000000000000000e+02 3.251100000000128887e-02
5.830000000000000000e+02 3.061210000000080811e-02
5.840000000000000000e+02 3.031800000000117734e-02
5.850000000000000000e+02 3.067409999999881620e-02
5.860000000000000000e+02 3.018909999999941363e-02
5.870000000000000000e+02 3.234799999999893316e-02
5.880000000000000000e+02 3.161140000000095540e-02
5.890000000000000000e+02 3.616700000000072635e-02
5.900000000000000000e+02 3.099489999999960332e-02
5.910000000000000000e+02 3.139810000000053947e-02
5.920000000000000000e+02 3.037400000000012312e-02
5.930000000000000000e+02 3.213210000000010780e-02
5.940000000000000000e+02 3.135289999999990584e-02
5.950000000000000000e+02 3.064580000000027837e-02
5.960000000000000000e+02 3.167490000000050543e-02
5.970000000000000000e+02 3.382279999999937559e-02
5.980000000000000000e+02 3.095030000000065229e-02
5.990000000000000000e+02 3.153640000000024202e-02
6.000000000000000000e+02 3.087800000000129330e-02
6.010000000000000000e+02 3.242360000000132914e-02
6.020000000000000000e+02 3.384629999999866357e-02
6.030000000000000000e+02 3.151060000000072137e-02
6.040000000000000000e+02 4.270829999999925519e-02
6.050000000000000000e+02 3.223120000000001539e-02
6.060000000000000000e+02 3.283260000000076673e-02
6.070000000000000000e+02 4.058259999999869194e-02
6.080000000000000000e+02 3.250430000000115172e-02
6.090000000000000000e+02 3.194089999999860652e-02
6.100000000000000000e+02 3.226049999999958118e-02
6.110000000000000000e+02 3.881960000000006517e-02
6.120000000000000000e+02 3.155350000000112232e-02
6.130000000000000000e+02 3.159070000000241407e-02
6.140000000000000000e+02 3.722240000000098803e-02
6.150000000000000000e+02 3.202669999999940842e-02
6.160000000000000000e+02 3.365890000000248961e-02
6.170000000000000000e+02 3.901760000000109585e-02
6.180000000000000000e+02 3.720530000000010773e-02
6.190000000000000000e+02 3.250069999999993797e-02
6.200000000000000000e+02 3.397389999999944621e-02
6.210000000000000000e+02 3.282559999999890010e-02
6.220000000000000000e+02 4.066260000000099240e-02
6.230000000000000000e+02 3.440850000000139630e-02
6.240000000000000000e+02 3.304409999999791125e-02
6.250000000000000000e+02 3.219649999999774082e-02
6.260000000000000000e+02 3.424559999999843285e-02
6.270000000000000000e+02 3.741070000000235041e-02
6.280000000000000000e+02 3.883190000000169562e-02
6.290000000000000000e+02 3.399959999999779825e-02
6.300000000000000000e+02 3.377520000000089340e-02
6.310000000000000000e+02 3.303149999999988040e-02
6.320000000000000000e+02 3.361479999999872348e-02
6.330000000000000000e+02 3.850059999999899674e-02
6.340000000000000000e+02 3.432280000000176301e-02
6.350000000000000000e+02 3.592919999999821812e-02
6.360000000000000000e+02 3.305160000000029186e-02
6.370000000000000000e+02 3.410879999999849588e-02
6.380000000000000000e+02 3.511619999999737729e-02
6.390000000000000000e+02 3.308510000000097762e-02
6.400000000000000000e+02 3.643680000000060204e-02
6.410000000000000000e+02 3.652299999999897295e-02
6.420000000000000000e+02 3.284490000000062082e-02
6.430000000000000000e+02 3.476789999999851943e-02
6.440000000000000000e+02 3.339890000000167447e-02
6.450000000000000000e+02 3.321580000000068367e-02
6.460000000000000000e+02 3.345449999999772217e-02
6.470000000000000000e+02 3.761770000000197456e-02
6.480000000000000000e+02 3.406530000000174141e-02
6.490000000000000000e+02 3.476119999999838228e-02
6.500000000000000000e+02 4.129289999999841143e-02
6.510000000000000000e+02 3.548400000000029308e-02
6.520000000000000000e+02 3.460760000000107084e-02
6.530000000000000000e+02 4.260259999999860270e-02
6.540000000000000000e+02 3.654210000000190917e-02
6.550000000000000000e+02 3.852579999999861116e-02
6.560000000000000000e+02 4.041750000000021714e-02
6.570000000000000000e+02 4.128240000000005239e-02
6.580000000000000000e+02 4.467299999999951865e-02
6.590000000000000000e+02 4.513719999999921129e-02
6.600000000000000000e+02 4.305229999999937718e-02
6.610000000000000000e+02 3.877459999999999241e-02
6.620000000000000000e+02 3.900630000000049336e-02
6.630000000000000000e+02 3.685189999999849420e-02
6.640000000000000000e+02 3.881969999999768106e-02
6.650000000000000000e+02 4.152290000000036230e-02
6.660000000000000000e+02 4.286009999999862430e-02
6.670000000000000000e+02 4.226389999999824454e-02
6.680000000000000000e+02 3.662950000000009254e-02
6.690000000000000000e+02 3.996219999999794936e-02
6.700000000000000000e+02 4.106859999999912247e-02
6.710000000000000000e+02 3.897579999999933875e-02
6.720000000000000000e+02 4.282699999999906026e-02
6.730000000000000000e+02 4.818420000000145365e-02
6.740000000000000000e+02 4.770869999999760580e-02
6.750000000000000000e+02 4.951219999999878496e-02
6.760000000000000000e+02 3.584040000000143777e-02
6.770000000000000000e+02 3.863020000000005894e-02
6.780000000000000000e+02 4.555390000000159034e-02
6.790000000000000000e+02 4.855889999999973838e-02
6.800000000000000000e+02 5.307429999999868642e-02
6.810000000000000000e+02 4.309160000000034074e-02
6.820000000000000000e+02 3.798799999999857846e-02
6.830000000000000000e+02 3.690139999999786369e-02
6.840000000000000000e+02 4.265260000000026253e-02
6.850000000000000000e+02 3.823389999999804445e-02
6.860000000000000000e+02 3.749509999999744991e-02
6.870000000000000000e+02 4.349549999999879901e-02
6.880000000000000000e+02 3.594899999999867646e-02
6.890000000000000000e+02 3.699260000000137438e-02
6.900000000000000000e+02 4.036049999999846705e-02
6.910000000000000000e+02 4.065809999999814295e-02
6.920000000000000000e+02 4.241339999999738097e-02
6.930000000000000000e+02 3.970079999999853726e-02
6.940000000000000000e+02 3.914860000000075502e-02
6.950000000000000000e+02 3.810500000000160981e-02
6.960000000000000000e+02 3.841439999999707311e-02
6.970000000000000000e+02 3.823579999999893175e-02
6.980000000000000000e+02 3.622580000000041878e-02
6.990000000000000000e+02 4.250899999999901979e-02
7.000000000000000000e+02 3.791169999999866036e-02
7.010000000000000000e+02 4.954899999999895499e-02
7.020000000000000000e+02 5.263180000000033942e-02
7.030000000000000000e+02 5.619859999999832212e-02
7.040000000000000000e+02 5.926430000000237897e-02
7.050000000000000000e+02 5.869949999999946044e-02
7.060000000000000000e+02 6.594639999999785118e-02
7.070000000000000000e+02 8.269809999999822026e-02
7.080000000000000000e+02 5.442169999999890706e-02
7.090000000000000000e+02 4.751969999999872130e-02
7.100000000000000000e+02 4.315639999999731913e-02
7.110000000000000000e+02 4.824989999999829138e-02
7.120000000000000000e+02 4.321939999999813153e-02
7.130000000000000000e+02 3.956260000000000332e-02
7.140000000000000000e+02 4.847339999999888960e-02
7.150000000000000000e+02 4.144720000000035043e-02
7.160000000000000000e+02 5.597230000000052996e-02
7.170000000000000000e+02 4.492419999999697211e-02
7.180000000000000000e+02 4.479459999999946263e-02
7.190000000000000000e+02 6.824740000000062423e-02
7.200000000000000000e+02 9.292170000000155028e-02
7.210000000000000000e+02 5.258530000000050109e-02
7.220000000000000000e+02 3.778140000000007603e-02
7.230000000000000000e+02 3.909610000000185437e-02
7.240000000000000000e+02 3.904359999999940101e-02
7.250000000000000000e+02 4.089619999999882793e-02
7.260000000000000000e+02 4.772510000000096397e-02
7.270000000000000000e+02 4.463559999999944239e-02
7.280000000000000000e+02 4.287710000000188870e-02
7.290000000000000000e+02 3.998169999999845459e-02
7.300000000000000000e+02 4.639530000000036125e-02
7.310000000000000000e+02 4.734939999999809856e-02
7.320000000000000000e+02 4.512259999999912452e-02
7.330000000000000000e+02 3.997659999999925162e-02
7.340000000000000000e+02 4.573639999999912220e-02
7.350000000000000000e+02 3.869299999999853412e-02
7.360000000000000000e+02 3.963000000000249656e-02
7.370000000000000000e+02 3.743629999999953384e-02
7.380000000000000000e+02 4.463190000000238911e-02
7.390000000000000000e+02 4.383019999999859806e-02
7.400000000000000000e+02 4.491489999999842553e-02
7.410000000000000000e+02 4.406179999999793040e-02
7.420000000000000000e+02 4.457909999999998263e-02
7.430000000000000000e+02 4.382909999999995421e-02
7.440000000000000000e+02 4.149380000000135738e-02
7.450000000000000000e+02 4.661919999999852848e-02
7.460000000000000000e+02 4.237049999999698002e-02
7.470000000000000000e+02 4.053039999999796805e-02
7.480000000000000000e+02 4.002930000000048949e-02
7.490000000000000000e+02 4.019050000000135014e-02
7.500000000000000000e+02 3.960299999999961074e-02
7.510000000000000000e+02 4.405140000000073996e-02
7.520000000000000000e+02 4.134450000000100545e-02
7.530000000000000000e+02 3.899039999999942552e-02
7.540000000000000000e+02 3.929369999999821061e-02
7.550000000000000000e+02 4.119710000000154082e-02
7.560000000000000000e+02 4.069130000000242831e-02
7.570000000000000000e+02 4.072030000000026462e-02
7.580000000000000000e+02 4.022810000000021091e-02
7.590000000000000000e+02 4.051270000000073424e-02
7.600000000000000000e+02 3.994090000000127816e-02
7.610000000000000000e+02 4.505280000000055907e-02
7.620000000000000000e+02 4.339829999999977872e-02
7.630000000000000000e+02 4.060860000000232617e-02
7.640000000000000000e+02 3.918309999999891602e-02
7.650000000000000000e+02 3.996870000000285472e-02
7.660000000000000000e+02 4.163640000000157215e-02
7.670000000000000000e+02 4.371480000000005361e-02
7.680000000000000000e+02 3.951280000000068071e-02
7.690000000000000000e+02 4.761729999999886331e-02
7.700000000000000000e+02 3.920029999999741221e-02
7.710000000000000000e+02 4.402969999999939432e-02
7.720000000000000000e+02 4.377739999999974430e-02
7.730000000000000000e+02 4.448159999999745651e-02
7.740000000000000000e+02 4.683169999999847732e-02
7.750000000000000000e+02 4.969320000000010396e-02
7.760000000000000000e+02 4.895410000000310902e-02
7.770000000000000000e+02 4.073619999999777974e-02
7.780000000000000000e+02 4.416029999999793176e-02
7.790000000000000000e+02 3.959899999999905162e-02
7.800000000000000000e+02 4.647959999999784486e-02
7.810000000000000000e+02 4.812650000000218142e-02
7.820000000000000000e+02 4.757980000000117116e-02
7.830000000000000000e+02 5.073610000000172704e-02
7.840000000000000000e+02 4.603100000000281966e-02
7.850000000000000000e+02 4.481790000000174246e-02
7.860000000000000000e+02 4.337139999999806150e-02
7.870000000000000000e+02 4.392490000000037753e-02
7.880000000000000000e+02 4.218309999999902971e-02
7.890000000000000000e+02 4.059930000000022687e-02
7.900000000000000000e+02 4.773820000000128516e-02
7.910000000000000000e+02 4.268730000000076075e-02
7.920000000000000000e+02 4.284420000000110917e-02
7.930000000000000000e+02 4.117869999999967945e-02
7.940000000000000000e+02 4.330840000000080181e-02
7.950000000000000000e+02 4.221270000000032496e-02
7.960000000000000000e+02 4.240679999999841243e-02
7.970000000000000000e+02 4.754840000000015721e-02
7.980000000000000000e+02 4.308070000000085997e-02
7.990000000000000000e+02 5.478090000000079840e-02
8.000000000000000000e+02 4.559169999999923562e-02
8.010000000000000000e+02 4.663769999999800575e-02
8.020000000000000000e+02 4.710120000000017626e-02
8.030000000000000000e+02 5.475990000000052760e-02
8.040000000000000000e+02 4.698920000000228470e-02
8.050000000000000000e+02 5.984330000000070982e-02
8.060000000000000000e+02 5.358900000000232922e-02
8.070000000000000000e+02 6.645850000000308455e-02
8.080000000000000000e+02 5.895759999999938827e-02
8.090000000000000000e+02 5.145040000000022928e-02
8.100000000000000000e+02 4.392490000000037753e-02
8.110000000000000000e+02 4.665879999999944516e-02
8.120000000000000000e+02 4.704650000000043519e-02
8.130000000000000000e+02 4.914000000000129376e-02
8.140000000000000000e+02 4.459220000000030382e-02
8.150000000000000000e+02 4.349769999999963943e-02
8.160000000000000000e+02 4.637409999999775323e-02
8.170000000000000000e+02 5.044799999999938223e-02
8.180000000000000000e+02 4.834770000000077061e-02
8.190000000000000000e+02 4.517429999999933443e-02
8.200000000000000000e+02 4.388450000000077011e-02
8.210000000000000000e+02 4.429219999999745028e-02
8.220000000000000000e+02 4.425299999999765532e-02
8.230000000000000000e+02 5.148289999999988709e-02
8.240000000000000000e+02 4.492709999999888737e-02
8.250000000000000000e+02 4.400419999999982679e-02
8.260000000000000000e+02 4.407810000000011996e-02
8.270000000000000000e+02 4.468530000000114910e-02
8.280000000000000000e+02 4.462940000000159557e-02
8.290000000000000000e+02 4.556290000000018381e-02
8.300000000000000000e+02 4.896589999999889642e-02
8.310000000000000000e+02 4.640979999999927941e-02
8.320000000000000000e+02 4.413309999999981414e-02
8.330000000000000000e+02 4.573579999999921597e-02
8.340000000000000000e+02 4.454009999999897218e-02
8.350000000000000000e+02 5.080119999999865854e-02
8.360000000000000000e+02 5.812510000000159494e-02
8.370000000000000000e+02 5.142800000000136151e-02
8.380000000000000000e+02 5.455119999999880065e-02
8.390000000000000000e+02 4.983670000000017808e-02
8.400000000000000000e+02 4.840109999999953061e-02
8.410000000000000000e+02 4.573330000000197515e-02
8.420000000000000000e+02 4.446979999999811639e-02
8.430000000000000000e+02 4.534830000000056316e-02
8.440000000000000000e+02 4.679579999999816664e-02
8.450000000000000000e+02 5.163939999999911379e-02
8.460000000000000000e+02 4.841970000000017649e-02
8.470000000000000000e+02 4.594069999999916831e-02
8.480000000000000000e+02 5.149700000000123623e-02
8.490000000000000000e+02 4.844620000000077198e-02
8.500000000000000000e+02 4.999130000000207019e-02
8.510000000000000000e+02 5.439599999999700231e-02
8.520000000000000000e+02 5.789329999999992538e-02
8.530000000000000000e+02 4.820869999999999322e-02
8.540000000000000000e+02 4.691829999999796996e-02
8.550000000000000000e+02 5.093920000000196069e-02
8.560000000000000000e+02 4.672340000000119176e-02
8.570000000000000000e+02 5.657539999999983138e-02
8.580000000000000000e+02 4.933239999999727843e-02
8.590000000000000000e+02 4.621600000000114505e-02
8.600000000000000000e+02 4.799700000000228783e-02
8.610000000000000000e+02 6.143150000000119348e-02
8.620000000000000000e+02 5.104539999999957445e-02
8.630000000000000000e+02 4.860569999999952984e-02
8.640000000000000000e+02 5.003710000000083369e-02
8.650000000000000000e+02 4.601449999999829288e-02
8.660000000000000000e+02 5.135830000000041196e-02
8.670000000000000000e+02 4.896199999999950592e-02
8.680000000000000000e+02 4.866659999999711772e-02
8.690000000000000000e+02 5.177499999999923830e-02
8.700000000000000000e+02 5.016039999999932775e-02
8.710000000000000000e+02 5.167589999999933070e-02
8.720000000000000000e+02 5.517059999999673892e-02
8.730000000000000000e+02 5.073020000000028062e-02
8.740000000000000000e+02 4.864189999999979364e-02
8.750000000000000000e+02 4.766359999999991715e-02
8.760000000000000000e+02 4.789010000000004652e-02
8.770000000000000000e+02 4.875519999999866627e-02
8.780000000000000000e+02 5.082660000000061018e-02
8.790000000000000000e+02 4.901320000000097821e-02
8.800000000000000000e+02 5.460000000000064801e-02
8.810000000000000000e+02 5.829479999999875872e-02
8.820000000000000000e+02 5.377900000000224168e-02
8.830000000000000000e+02 5.188730000000063569e-02
8.840000000000000000e+02 5.099210000000198306e-02
8.850000000000000000e+02 5.044940000000153191e-02
8.860000000000000000e+02 4.961760000000126070e-02
8.870000000000000000e+02 5.068729999999987967e-02
8.880000000000000000e+02 5.029370000000099594e-02
8.890000000000000000e+02 5.329990000000250916e-02
8.900000000000000000e+02 5.276380000000102655e-02
8.910000000000000000e+02 5.044429999999877623e-02
8.920000000000000000e+02 4.872019999999821493e-02
8.930000000000000000e+02 4.917780000000249174e-02
8.940000000000000000e+02 5.174689999999770862e-02
8.950000000000000000e+02 4.892979999999980123e-02
8.960000000000000000e+02 4.751749999999788088e-02
8.970000000000000000e+02 4.902159999999966544e-02
8.980000000000000000e+02 5.227160000000097284e-02
8.990000000000000000e+02 5.642680000000055429e-02
9.000000000000000000e+02 5.147370000000250911e-02
9.010000000000000000e+02 4.881139999999817292e-02
9.020000000000000000e+02 4.874459999999913862e-02
9.030000000000000000e+02 5.156799999999961415e-02
9.040000000000000000e+02 6.334909999999638330e-02
9.050000000000000000e+02 4.999029999999748952e-02
9.060000000000000000e+02 5.797959999999591219e-02
9.070000000000000000e+02 5.561600000000055388e-02
9.080000000000000000e+02 5.826090000000050395e-02
9.090000000000000000e+02 5.619440000000253121e-02
9.100000000000000000e+02 5.130090000000109285e-02
9.110000000000000000e+02 1.225853999999984012e-01
9.120000000000000000e+02 5.498819999999682295e-02
9.130000000000000000e+02 6.578910000000348646e-02
9.140000000000000000e+02 5.662589999999312340e-02
9.150000000000000000e+02 5.002919999999733136e-02
9.160000000000000000e+02 5.124059999999985848e-02
9.170000000000000000e+02 5.447819999999836682e-02
9.180000000000000000e+02 6.030510000000077753e-02
9.190000000000000000e+02 5.555700000000030059e-02
9.200000000000000000e+02 5.194709999999957972e-02
9.210000000000000000e+02 4.964770000000129357e-02
9.220000000000000000e+02 5.162049999999851480e-02
9.230000000000000000e+02 6.207489999999893371e-02
9.240000000000000000e+02 6.679790000000451755e-02
9.250000000000000000e+02 5.116679999999718120e-02
9.260000000000000000e+02 5.808820000000025630e-02
9.270000000000000000e+02 5.081350000000384171e-02
9.280000000000000000e+02 5.245419999999967331e-02
9.290000000000000000e+02 6.060850000000073123e-02
9.300000000000000000e+02 5.307200000000023010e-02
9.310000000000000000e+02 5.508420000000313621e-02
9.320000000000000000e+02 6.539390000000366854e-02
9.330000000000000000e+02 5.540579999999550864e-02
9.340000000000000000e+02 5.487070000000215941e-02
9.350000000000000000e+02 5.622360000000270475e-02
9.360000000000000000e+02 5.045820000000134087e-02
9.370000000000000000e+02 5.830869999999777065e-02
9.380000000000000000e+02 5.378369999999677020e-02
9.390000000000000000e+02 6.000789999999511792e-02
9.400000000000000000e+02 6.901129999999966458e-02
9.410000000000000000e+02 6.536060000000532000e-02
9.420000000000000000e+02 5.892129999999440315e-02
9.430000000000000000e+02 8.686809999999667298e-02
9.440000000000000000e+02 7.798810000000599985e-02
9.450000000000000000e+02 7.332629999999795700e-02
9.460000000000000000e+02 6.052999999999997272e-02
9.470000000000000000e+02 6.005880000000018981e-02
9.480000000000000000e+02 6.259140000000229520e-02
9.490000000000000000e+02 6.430259999999776710e-02
9.500000000000000000e+02 5.816779999999965867e-02
9.510000000000000000e+02 5.774120000000237951e-02
9.520000000000000000e+02 5.743590000000153850e-02
9.530000000000000000e+02 5.448690000000055988e-02
9.540000000000000000e+02 5.519389999999901875e-02
9.550000000000000000e+02 5.768199999999978900e-02
9.560000000000000000e+02 6.584450000000430236e-02
9.570000000000000000e+02 5.764800000000036562e-02
9.580000000000000000e+02 5.447699999999855436e-02
9.590000000000000000e+02 5.106430000000017344e-02
9.600000000000000000e+02 5.135560000000083392e-02
9.610000000000000000e+02 5.326979999999537085e-02
9.620000000000000000e+02 5.551460000000218997e-02
9.630000000000000000e+02 5.166090000000167493e-02
9.640000000000000000e+02 5.076430000000442533e-02
9.650000000000000000e+02 5.059390000000263399e-02
9.660000000000000000e+02 5.960449999999894999e-02
9.670000000000000000e+02 5.169730000000072323e-02
9.680000000000000000e+02 5.259209999999825413e-02
9.690000000000000000e+02 5.489329999999625898e-02
9.700000000000000000e+02 5.349900000000218370e-02
9.710000000000000000e+02 5.520070000000032451e-02
9.720000000000000000e+02 6.198169999999691981e-02
9.730000000000000000e+02 5.102709999999888169e-02
9.740000000000000000e+02 5.292870000000249320e-02
9.750000000000000000e+02 5.565700000000362024e-02
9.760000000000000000e+02 6.220139999999929614e-02
9.770000000000000000e+02 5.280830000000236168e-02
9.780000000000000000e+02 5.465140000000445752e-02
9.790000000000000000e+02 5.119090000000170448e-02
9.800000000000000000e+02 5.166549999999858755e-02
9.810000000000000000e+02 5.131850000000071077e-02
9.820000000000000000e+02 5.310879999999684742e-02
9.830000000000000000e+02 6.344629999999540360e-02
9.840000000000000000e+02 5.585140000000166083e-02
9.850000000000000000e+02 5.139119999999763877e-02
9.860000000000000000e+02 5.109829999999959682e-02
9.870000000000000000e+02 5.399069999999994707e-02
9.880000000000000000e+02 5.653020000000452683e-02
9.890000000000000000e+02 5.358290000000209830e-02
9.900000000000000000e+02 5.252219999999852007e-02
9.910000000000000000e+02 5.315650000000005093e-02
9.920000000000000000e+02 5.717479999999852680e-02
9.930000000000000000e+02 5.198409999999853426e-02
9.940000000000000000e+02 5.731240000000070722e-02
9.950000000000000000e+02 5.253270000000043183e-02
9.960000000000000000e+02 5.441230000000274458e-02
9.970000000000000000e+02 5.251020000000039545e-02
9.980000000000000000e+02 5.244859999999818001e-02
9.990000000000000000e+02 5.675889999999839119e-02
1.000000000000000000e+03 5.312390000000277723e-02
